Sublimation Line			Melting Line			Saturation Line	
T, °F	P, psia		T, °F	P, psia		T, °F	P, psia
-369.66	4.63197E-22		-69.8044	75.12		-69.8044	75.12
-360	5.83147E-19		-69	378.88		-65	84.23
-350	2.40726E-16		-68	758.34		-60	94.57
-340	3.4986E-14		-67	1139.84		-55	105.84
-330	2.28242E-12		-66	1523.36		-50	118.08
-320	7.94916E-11		-64	2296.50		-45	131.35
-310	1.67819E-09		-62	3077.77		-40	145.69
-300	2.36217E-08		-60	3867.17		-35	161.17
-290	2.38416E-07		-50	7936.06		-30	177.83
-280	1.82595E-06		-40	12208.15		-25	195.72
-270	1.10959E-05		-30	16683.42		-20	214.91
-260	5.54453E-05		-20	21361.88		-15	235.45
-250	0.000234506		-10	26243.53		-10	257.40
-240	0.000859604		0	31328.37		-5	280.81
-230	0.002784729		10	36616.39		0	305.74
-220	0.008103623		20	42107.60		5	332.25
-210	0.02147476		30	47802.00		10	360.41
-200	0.052427541		40	53699.59		15	390.27
-190	0.119085601		50	59800.36		20	421.91
-180	0.253807561		60	66104.33		25	455.38
-170	0.51129133		70	72611.48		30	490.77
-160	0.979725821		80	79321.82		35	528.14
-150	1.795624864		90	86235.34		40	567.58
-140	3.16307116		100	93352.06		45	609.17
-130	5.378268728		110	100671.96		50	652.99
-120	8.860592994		120	108195.05		55	699.15
-110	14.19179729		130	115921.33		60	747.75
-100	22.16578428		140	123850.79		65	798.93
-90	33.85261391		150	131983.45		70	852.83
-80	50.68297114		160	140319.29		75	909.62
-70	74.568723		170	148858.32		80	969.58
-69.8044	75.1224321		180	157600.53		85	1033.07
			190	166545.94		87.76076	1069.99
			200	175694.53			
			210	185046.31			
			220	194601.28			
			230	204359.44			
			240	214320.78			
			250	224485.31			
			260	234853.03			
